Topo 811

B = [[1, 0, 1, 0, 0, 0, 0, 0, 0, 0, 0], 
        [1, 1, 0, 0, 0, 0, 0, 0, 0, 0, 0],
        [0, 0, 1, 1, 1, 0, 0, 0, 0, 0, 0],
        [0, 1, 0, 1, 0, 1, 0, 0, 0, 0, 0],
        [0, 0, 0, 0, 1, 0, 1, 1, 0, 0, 0], 
        [0, 0, 0, 0, 0, 1, 1, 0, 1, 0, 0],
        [0, 0, 0, 0, 0, 0, 0, 1, 0, 1, 0],
        [0, 0, 0, 0, 0, 0, 0, 0, 1, 1, 0]]

grounds = [0, 0, 3, 3, 3]
actuator = [0, 2, 1, 3, 5]
actuator_fixed = [2, 0, 3, 1, 1]
chain = [1, [3, 4], 0, [2, 4], [6, 8]]
coupler_point = [7, 7, 7, 7, 7]

Topo 812

B = [[1, 0, 1, 0, 0, 0, 0, 0, 0, 0, 0],
       [1, 1, 0, 0, 0, 0, 0, 0, 0, 0, 0],
       [0, 1, 0, 1, 0, 1, 0, 0, 0, 0, 0],
       [0, 0, 1, 1, 1, 0, 0, 0, 0, 0, 0],
       [0, 0, 0, 0, 0, 0, 1, 1, 0, 0, 0],
       [0, 0, 0, 0, 1, 0, 1, 0, 0, 1, 0],
       [0, 0, 0, 0, 0, 1, 0, 1, 1, 0, 0],
       [0, 0, 0, 0, 0, 0, 0, 0, 1, 1, 0]]


grounds = [0, 0, 7, 2, 2, 2, 5, 5]
actuator = [0, 2, 9, 1, 3, 5, 9, 4]
actuator_fixed = [2, 0, 8, 3, 1, 3, 6, 6]
chain = [1, [3, 4], [4, 6], 0, [2, 4], [7, 8], 8, [2, 3]]
coupler_point = [7, 7, 0, 7, 7, 7, 0, 1]

Topo 813

B = [[1, 0, 1, 0, 0, 0, 0, 0, 0, 0, 0],
       [1, 1, 0, 0, 1, 0, 0, 0, 0, 0, 0],
       [0, 1, 0, 1, 0, 0, 0, 0, 0, 0, 0],
       [0, 0, 1, 1, 0, 1, 0, 0, 0, 0, 0],
       [0, 0, 0, 0, 1, 0, 1, 0, 1, 0, 0],
       [0, 0, 0, 0, 0, 0, 1, 1, 0, 0, 0],
       [0, 0, 0, 0, 0, 1, 0, 1, 0, 1, 0],
       [0, 0, 0, 0, 0, 0, 0, 0, 1, 1, 0]]

grounds = [0, 6, 6]
actuator = [0, 9, 5]
actuator_fixed = [2, 7, 7]
chain = [1, 8, [2, 3]]
coupler_point = [7, 0, 0]

Topo 814


B = [[1, 0, 1, 0, 0, 0, 0, 0, 0, 0, 0],
       [1, 1, 0, 1, 0, 0, 0, 0, 0, 0, 0],
       [0, 1, 0, 0, 0, 0, 0, 1, 0, 0, 0],
       [0, 0, 1, 0, 1, 0, 1, 0, 0, 0, 0],
       [0, 0, 0, 1, 1, 1, 0, 0, 0, 0, 0],
       [0, 0, 0, 0, 0, 1, 0, 0, 1, 0, 0],
       [0, 0, 0, 0, 0, 0, 1, 1, 0, 1, 0],
       [0, 0, 0, 0, 0, 0, 0, 0, 1, 1, 0]]


grounds = [0, 0, 5, 5, 7, 7, 2, 2, 3, 3, 3, 1, 1, 1, 4, 4, 4, 6, 6, 6]
actuator = [0, 2, 8, 5, 8, 9, 1, 7, 2, 4, 6, 0, 3, 1, 3, 4, 5, 9, 7, 6]
actuator_fixed = [2, 0, 5, 8, 9, 8, 7, 1, 4, 6, 4, 1, 0, 0, 4, 3, 4, 6, 6, 7]
chain = [[1, 3], [4, 6], 9, [3, 4], 5, [6, 7], [0, 3], [6, 9], 0, [3, 5], [7, 9], 2, [4, 5], 7, [0, 1], [2, 6], 8, 8, 1, [2, 4]]
coupler_point = [7, 7, 2, 2, 2, 0, 5, 5, 5, 2, 5, 7, 7, 7, 7, 2, 2, 0, 5, 5]

Topo 815

B = [[1, 0, 1, 0, 0, 0, 0, 0, 0, 0, 0],
       [1, 1, 0, 0, 1, 0, 0, 0, 0, 0, 0],
       [0, 0, 1, 1, 0, 1, 0, 0, 0, 0, 0],
       [0, 1, 0, 0, 0, 1, 1, 0, 0, 0, 0],
       [0, 0, 0, 0, 0, 0, 1, 1, 0, 0, 0],
       [0, 0, 0, 1, 0, 0, 0, 1, 1, 0, 0],
       [0, 0, 0, 0, 1, 0, 0, 0, 0, 1, 0],
       [0, 0, 0, 0, 0, 0, 0, 0, 1, 1, 0]]


grounds = [0, 0, 6, 6, 3, 3, 3, 5, 5, 5]
actuator = [0, 2, 9, 4, 6, 5, 1, 7, 3, 8]
actuator_fixed = [2, 0, 4, 9, 5, 1, 5, 3, 7, 3]
chain = [[1, 4], [3, 5], 8, [0, 1], 7, [2, 3], [0, 4], 6, [2, 5], 9]
coupler_point = [7, 7, 4, 4, 6, 7, 7, 0, 6, 0]

Topo 816

B = [[1, 0, 1, 0, 0, 0, 0, 0, 0, 0, 0],
       [1, 1, 0, 0, 1, 0, 0, 0, 0, 0, 0],
       [0, 0, 1, 1, 0, 1, 0, 0, 0, 0, 0],
       [0, 1, 0, 1, 0, 0, 1, 0, 0, 0, 0],
       [0, 0, 0, 0, 0, 0, 1, 1, 0, 0, 0],
       [0, 0, 0, 0, 1, 0, 0, 0, 1, 0, 0],
       [0, 0, 0, 0, 0, 1, 0, 0, 0, 1, 0],
       [0, 0, 0, 0, 0, 0, 0, 1, 1, 1, 0]]


grounds = [0, 4, 4, 6, 6, 1, 1, 1, 3, 3, 7, 7]
actuator = [0, 7, 6, 9, 5, 0, 1, 4, 1, 6, 7, 9]
actuator_fixed = [2, 6, 7, 5, 9, 1, 0, 1, 3, 3, 8, 7]
chain = [[1, 4], [8, 9], [1, 3], [7, 8], [2, 3], 2, [3, 6], 8, [0, 4], 7, 6, 5]
coupler_point = [6, 0, 0, 0, 5, 6, 6, 6, 6, 0, 0, 0]

Topo 817

B = [[1, 0, 1, 0, 0, 0, 0, 0, 0, 0, 0],
       [1, 1, 0, 0, 1, 0, 0, 0, 0, 0, 0],
       [0, 0, 1, 1, 0, 1, 0, 0, 0, 0, 0],
       [0, 1, 0, 1, 0, 0, 1, 0, 0, 0, 0],
       [0, 0, 0, 0, 0, 0, 1, 1, 1, 0, 0],
       [0, 0, 0, 0, 0, 1, 0, 0, 0, 1, 0],
       [0, 0, 0, 0, 0, 0, 0, 0, 1, 1, 0],
       [0, 0, 0, 0, 1, 0, 0, 1, 0, 0, 0]]


grounds = [0, 0, 5, 5, 4, 4, 4, 1, 1, 3, 3]
actuator = [0, 2, 9, 5, 7, 6, 8, 0, 1, 1, 6]
actuator_fixed = [2, 0, 5, 9, 6, 8, 7, 1, 0, 6, 1]
chain = [[1, 4], [3, 5], 8, [2, 3], 4, [1, 3], 9, 2, [3, 6], [0, 4], [7, 8]]
coupler_point = [6, 7, 7, 7, 5, 5, 0, 6, 6, 5, 0]

Topo 818

B = [[1, 0, 1, 0, 0, 0, 0, 0, 0, 0, 0],
       [1, 1, 0, 0, 0, 0, 0, 0, 0, 0, 0],
       [0, 1, 0, 0, 1, 1, 0, 0, 0, 0, 0],
       [0, 0, 1, 1, 0, 0, 1, 0, 0, 0, 0],
       [0, 0, 0, 1, 1, 0, 0, 1, 0, 0, 0],
       [0, 0, 0, 0, 0, 1, 1, 0, 0, 1, 0],
       [0, 0, 0, 0, 0, 0, 0, 1, 1, 0, 0],
       [0, 0, 0, 0, 0, 0, 0, 0, 1, 1, 0]]


grounds = [0, 0, 2, 2]
actuator = [0, 2, 4, 1]
actuator_fixed = [2, 0, 1, 4]
chain = [1, [3, 6], [3, 7], 0]
coupler_point = [7, 7, 7, 7]

Topo 819

B = [[1, 0, 1, 0, 0, 0, 0, 0, 0, 0, 0],
       [1, 1, 0, 0, 1, 0, 0, 0, 0, 0, 0],
       [0, 0, 0, 1, 0, 1, 0, 0, 0, 0, 0],
       [0, 1, 0, 0, 0, 1, 1, 0, 0, 0, 0],
       [0, 0, 1, 1, 0, 0, 0, 1, 0, 0, 0],
       [0, 0, 0, 0, 1, 0, 0, 0, 1, 0, 0],
       [0, 0, 0, 0, 0, 0, 1, 0, 0, 1, 0],
       [0, 0, 0, 0, 0, 0, 0, 1, 1, 1, 0]]


grounds = [0, 7, 7]
actuator = [0, 8, 7]
actuator_fixed = [2, 7, 8]
chain = [[1, 4], 4, [2, 3]]
coupler_point = [6, 2, 5]

Topo 821

B = [[1, 0, 1, 0, 0, 0, 0, 0, 0, 0, 0],
       [1, 1, 0, 0, 0, 0, 0, 0, 0, 0, 0],
       [0, 1, 0, 1, 1, 0, 0, 0, 0, 0, 0],
       [0, 0, 1, 1, 0, 0, 1, 1, 0, 0, 0],
       [0, 0, 0, 0, 1, 1, 0, 0, 0, 0, 0],
       [0, 0, 0, 0, 0, 1, 1, 0, 1, 0, 0],
       [0, 0, 0, 0, 0, 0, 0, 1, 0, 1, 0],
       [0, 0, 0, 0, 0, 0, 0, 0, 1, 1, 0]]


grounds = [0, 0, 7, 7, 4, 2, 2, 2, 3, 3]
actuator = [0, 2, 9, 8, 4, 1, 4, 3, 2, 3]
actuator_fixed = [2, 0, 8, 9, 5, 3, 1, 4, 3, 2]
chain = [1, [3, 6, 7], 7, [5, 6], [1, 3], 0, 5, [2, 6, 7], 0, [1, 4]]
coupler_point = [7, 7, 0, 0, 6, 6, 6, 7, 7, 7]

Topo 822

B = [[1, 0, 1, 0, 0, 0, 0, 0, 0, 0, 0],
       [1, 1, 0, 0, 0, 0, 0, 0, 0, 0, 0],
       [0, 1, 0, 1, 1, 0, 0, 0, 0, 0, 0],
       [0, 0, 1, 1, 0, 1, 1, 0, 0, 0, 0],
       [0, 0, 0, 0, 1, 0, 0, 1, 1, 0, 0],
       [0, 0, 0, 0, 0, 0, 1, 1, 0, 0, 0],
       [0, 0, 0, 0, 0, 1, 0, 0, 0, 1, 0],
       [0, 0, 0, 0, 0, 0, 0, 0, 1, 1, 0]]


grounds = [0, 0, 1, 1, 5, 5, 6, 6, 7, 7, 2, 2, 2, 4, 4, 4, 3, 3, 3, 3]
actuator = [0, 2, 0, 1, 7, 6, 9, 5, 9, 8, 1, 4, 3, 7, 4, 8, 2, 6, 3, 5]
actuator_fixed = [2, 0, 1, 0, 6, 7, 5, 9, 8, 9, 3, 1, 4, 8, 7, 4, 3, 2, 5, 6]
chain = [1, [3, 5, 6], 2, [3, 4], [4, 8], [2, 3, 5], 8, [2, 3, 6], 5, [4, 7], 0, [7, 8], [2, 5, 6], 6, [1, 3], 9, 0, 7, [1, 4], 9]
coupler_point = [7, 7, 7, 6, 0, 1, 1, 1, 0, 0, 6, 6, 7, 0, 6, 0, 7, 1, 7, 1]

Topo 823


B = [[1, 0, 1, 0, 0, 0, 0, 0, 0, 0, 0],
       [1, 1, 0, 0, 0, 0, 0, 0, 0, 0, 0],
       [0, 1, 0, 1, 1, 0, 0, 0, 0, 0, 0],
       [0, 0, 1, 1, 0, 0, 0, 1, 1, 0, 0],
       [0, 0, 0, 0, 0, 1, 1, 0, 0, 1, 0],
       [0, 0, 0, 0, 0, 0, 1, 1, 0, 0, 0],
       [0, 0, 0, 0, 1, 1, 0, 0, 0, 0, 0],
       [0, 0, 0, 0, 0, 0, 0, 0, 1, 1, 0]]


grounds = [0, 0, 1, 1, 5, 5, 6, 6, 2, 2, 2, 4, 4, 3, 3, 3]
actuator = [0, 2, 0, 1, 6, 7, 5, 4, 1, 3, 4, 6, 5, 2, 7, 3]
actuator_fixed = [2, 0, 1, 0, 7, 6, 4, 5, 3, 4, 1, 5, 6, 7, 3, 2]
chain = [1, [3, 7, 8], 2, [3, 4], [5, 9], [2, 3, 8], [6, 9], [1, 3], 0, [2, 7, 8], 5, 7, 4, 0, 6, [1, 4]]
coupler_point = [7, 6, 6, 7, 0, 1, 0, 7, 7, 7, 7, 0, 0, 6, 1, 6]

Topo 824

B = [[1, 0, 1, 0, 0, 0, 0, 0, 0, 0, 0],
       [1, 1, 0, 0, 1, 0, 0, 0, 0, 0, 0],
       [0, 1, 0, 1, 0, 0, 0, 0, 0, 0, 0],
       [0, 0, 1, 1, 0, 1, 1, 0, 0, 0, 0],
       [0, 0, 0, 0, 1, 0, 0, 1, 1, 0, 0],
       [0, 0, 0, 0, 0, 0, 1, 1, 0, 0, 0],
       [0, 0, 0, 0, 0, 1, 0, 0, 0, 1, 0],
       [0, 0, 0, 0, 0, 0, 0, 0, 1, 1, 0]]


grounds = [0, 0, 6, 6, 7, 7, 5, 5, 1, 1, 4, 4, 4, 3, 3, 3]
actuator = [0, 2, 9, 5, 9, 8, 7, 6, 0, 4, 8, 7, 4, 2, 5, 6]
actuator_fixed = [2, 0, 5, 9, 8, 9, 6, 7, 1, 0, 7, 8, 7, 6, 2, 5]
chain = [[1, 4], [2, 5, 6], 8, [2, 3, 6], 5, [4, 7], [4, 8], [2, 3, 5], 2, [7, 8], 9, 6, [0, 1], 0, 9, 7]
coupler_point = [7, 7, 2, 0, 2, 2, 2, 7, 6, 6, 7, 7, 6, 7, 7, 7]

Topo 825

B = [[1, 0, 1, 0, 0, 0, 0, 0, 0, 0, 0],
       [1, 1, 0, 0, 1, 0, 0, 0, 0, 0, 0],
       [0, 0, 0, 1, 1, 0, 0, 0, 0, 0, 0],
       [0, 1, 0, 0, 0, 0, 0, 1, 0, 0, 0],
       [0, 0, 1, 1, 0, 1, 0, 0, 0, 1, 0],
       [0, 0, 0, 0, 0, 1, 1, 0, 0, 0, 0],
       [0, 0, 0, 0, 0, 0, 1, 1, 1, 0, 0],
       [0, 0, 0, 0, 0, 0, 0, 0, 1, 1, 0]]


grounds = [0, 0, 3, 6, 6, 4]
actuator = [0, 2, 7, 6, 7, 2]
actuator_fixed = [2, 0, 1, 7, 6, 3]
chain = [[1, 4], [3, 5, 9], [6, 8], 5, 1, 0]
coupler_point = [7, 3, 2, 2, 2, 3]

Topo 831


B = [[1, 0, 1, 0, 0, 0, 0, 0, 0, 0, 0],
       [1, 1, 0, 0, 0, 0, 0, 0, 0, 0, 0],
       [0, 0, 1, 1, 1, 1, 0, 0, 0, 0, 0],
       [0, 1, 0, 1, 0, 0, 0, 1, 1, 0, 0],
       [0, 0, 0, 0, 0, 1, 1, 0, 0, 0, 0],
       [0, 0, 0, 0, 0, 0, 1, 1, 0, 0, 0],
       [0, 0, 0, 0, 1, 0, 0, 0, 0, 1, 0],
       [0, 0, 0, 0, 0, 0, 0, 0, 1, 1, 0]]


grounds = [0, 0, 3, 3]
actuator = [0, 2, 7, 3]
actuator_fixed = [2, 0, 1, 8]
chain = [1, [3, 4, 5], 6, [2, 4, 5]]
coupler_point = [7, 7, 6, 6]

Topo 832

B = [[1, 0, 1, 0, 0, 0, 0, 0, 0, 0, 0],
       [1, 1, 0, 1, 1, 0, 0, 0, 0, 0, 0],
       [0, 0, 0, 0, 1, 1, 0, 0, 0, 0, 0],
       [0, 1, 0, 0, 0, 0, 0, 0, 1, 0, 0],
       [0, 0, 1, 0, 0, 1, 1, 1, 0, 0, 0],
       [0, 0, 0, 0, 0, 0, 1, 0, 0, 1, 0],
       [0, 0, 0, 1, 0, 0, 0, 0, 0, 1, 0],
       [0, 0, 0, 0, 0, 0, 0, 1, 1, 0, 0]]


grounds = [0, 7, 7, 1, 1]
actuator = [0, 8, 7, 0, 3]
actuator_fixed = [2, 7, 8, 3, 0]
chain = [[1, 3, 4], 1, [2, 5, 6], 2, 9]
coupler_point = [5, 5, 6, 5, 7]